-3.801629704887069749e+00 -3.359794014332269096e+00 1.596424283450028181e+00
-3.952031915087703240e+00 -3.369000227364264521e+00 1.566986963192532389e+00
-3.944414593545134018e+00 -3.370438619307417394e+00 1.561648768588880909e+00
-3.953474169380871484e+00 -3.368715359972072942e+00 1.558556747651792307e+00
-3.167607468029834283e+00 -3.318549944574646027e+00 1.739833671339457988e+00
-3.367953065804143886e+00 -3.324388802663001741e+00 1.896159879309345042e+00
-3.323058554329683112e+00 -3.520022518976369419e+00 1.687713692958691336e+00
-2.017629830950200986e+00 -2.989964076505125412e+00 1.745802896076493527e+00
-1.781040806192863535e+00 -2.882936058545037650e+00 1.687061474855067411e+00
-1.294678705644866978e+00 -2.828100844547566606e+00 1.817184653438491893e+00
-1.545356419449562146e+00 -2.929196953772352785e+00 1.861679988693627052e+00
-1.461847599105046136e-01 -2.497433801311425228e+00 1.829631978685881677e+00
-6.077980254531190757e-02 -2.474352602562715386e+00 2.342647204300078112e+00
7.722896267374927681e-02 -2.925445665398852757e+00 1.631574781861099055e+00
6.722248415219315154e-01 -1.609210783517514232e+00 1.427174324971901331e+00
5.999141573452316800e-01 -1.313843014410713605e+00 1.284943586241596103e+00
1.455878788668203194e+00 -1.174598061027124052e+00 1.238701692773866103e+00
1.465202190387227654e+00 -1.453778437912459864e+00 1.372048914821171195e+00
2.295534880119891152e+00 -3.059719919748882799e-01 8.393563217910622321e-01
2.548791220308477712e+00 3.389144809085960306e-03 1.434141340906503137e+00
2.840806045776410826e+00 -6.742885722212538235e-01 5.518091985051446491e-01
2.144215574104999078e+00 6.959167850136398492e-01 8.725531669542953978e-03
2.022458413266821076e+00 9.131317519101210811e-01 -2.084887793667560274e-01
2.154496498213326561e+00 1.313969765438381732e+00 -4.594974898462537150e-01
2.257980951488326671e+00 1.087824306047194600e+00 -2.431776151598245284e-01
2.013031605950690306e+00 2.304055656369516925e+00 -1.268075680078685874e+00
2.147472376666738736e+00 2.668971426098396993e+00 -1.098844656330571379e+00
2.252529215574836208e+00 2.255783463411297873e+00 -1.615896233542376770e+00
1.372061209951326299e+00 2.943570941262302565e+00 -1.894442182628049087e+00
1.203614636928837633e+00 2.998577626595924084e+00 -1.969516373351289262e+00
1.017169529076529244e+00 3.434057444209481336e+00 -2.348873913310834283e+00
1.189609342935392666e+00 3.345765053266720468e+00 -2.246752780463313837e+00
3.914256800996780417e-01 4.089049438966046779e+00 -2.987691539128181972e+00
2.634720992402562190e-01 4.325493688881934418e+00 -3.035373171560435956e+00
3.164456377285045363e-01 4.216797228104296913e+00 -3.236721665307925822e+00
-9.182711148609370988e-03 4.306242673338317672e+00 -3.278038925603763865e+00
-1.799164600639019951e-01 4.379577246895850706e+00 -3.398807653409454232e+00
-1.566248910571267361e-01 4.407856710278560186e+00 -3.389609236994537422e+00
